0.120	5650.636	6.108
0.130	5666.133	22.151
0.140	5660.153	39.909
0.150	5658.677	59.583
0.160	5652.158	80.685
0.170	5650.828	103.341
0.180	5640.141	127.181
0.190	5631.214	152.349
0.200	5628.408	179.082
0.210	5618.439	207.934
0.220	5609.575	237.775
0.230	5598.515	269.077
0.240	5589.515	302.499
0.250	5574.430	337.635
0.260	5565.783	374.022
0.270	5554.620	412.337
0.280	5544.138	453.539
0.290	5525.273	493.719
0.300	5507.298	537.223
0.310	5489.486	582.384
0.320	5472.747	629.044
0.330	5451.825	677.924
0.340	5431.424	729.052
0.350	5407.428	781.273
0.360	5381.758	835.159
0.370	5348.106	890.511
0.380	5337.460	949.161
0.390	5298.223	1009.688
0.400	5265.808	1071.338
0.410	5220.123	1130.483
0.420	5188.699	1202.419
0.430	5162.847	1265.820
0.440	5124.307	1335.160
0.450	5080.677	1405.885
0.460	5037.501	1478.487
0.470	4990.491	1549.891
0.480	4941.679	1628.602
0.490	4899.281	1739.112
0.500	4840.152	1784.821
0.510	4783.529	1865.279
0.520	4725.125	1946.749
0.530	4664.103	2030.074
0.540	4600.590	2114.040
0.550	4534.536	2200.467
0.560	4464.942	2287.516
0.570	4394.596	2375.161
0.580	4320.002	2464.308
0.590	4244.893	2553.351
0.600	4171.093	2640.137
0.610	4079.139	2734.648
0.620	3997.996	2825.903
0.630	3911.812	2917.019
0.640	3821.036	3007.888
0.650	3729.430	3099.614
0.660	3635.427	3190.844
0.670	3538.654	3280.909
0.680	3439.802	3371.707
0.690	3339.382	3461.435
0.700	3237.226	3550.788
0.710	3133.128	3638.639
0.720	3029.142	3724.797
0.730	2919.323	3810.625
0.740	2810.221	3895.105
0.750	2700.852	3976.786
0.760	2589.175	4056.836
0.770	2475.643	4135.506
0.780	2363.839	4212.318
0.790	2249.949	4286.577
0.800	2135.610	4359.223
0.810	2021.133	4429.108
0.820	1906.159	4496.382
0.830	1791.120	4561.206
0.840	1676.603	4623.095
0.850	1562.172	4682.441
0.860	1448.004	4738.930
0.870	1334.528	4792.361
0.880	1220.899	4843.906
0.890	1109.999	4890.707
0.900	999.073	4935.247
0.910	889.271	4976.761
0.920	780.686	5015.195
0.930	673.428	5050.536
0.940	567.598	5082.782
0.950	463.292	5111.935
0.960	360.597	5138.007
0.970	259.595	5161.013
0.980	160.358	5180.977
0.990	62.952	5197.926
1.000	-32.562	5211.893
1.010	-126.132	5222.915
1.020	-217.713	5231.035
1.030	-307.265	5236.296
1.040	-394.754	5238.746
1.050	-480.152	5238.436
1.060	-563.437	5235.418
1.070	-644.591	5229.748
1.080	-723.602	5221.480
1.090	-800.460	5210.672
1.100	-875.162	5197.383
1.110	-947.707	5181.671
1.120	-1018.097	5163.595
1.130	-1086.338	5143.214
1.140	-1152.438	5120.588
1.150	-1216.408	5095.776
1.160	-1278.261	5068.836
1.170	-1338.011	5039.828
1.180	-1395.674	5008.809
1.190	-1451.270	4975.837
1.200	-1504.811	4940.965
1.210	-1556.330	4904.263
1.220	-1605.836	4865.774
1.230	-1653.353	4825.559
1.240	-1698.903	4783.672
1.250	-1742.509	4740.169
1.260	-1784.193	4695.105
1.270	-1823.978	4648.535
1.280	-1861.886	4600.513
1.290	-1897.941	4551.094
1.300	-1932.166	4500.334
1.310	-1964.584	4448.286
1.320	-1995.219	4395.007
1.330	-2024.094	4340.551
1.340	-2051.232	4284.974
1.350	-2076.657	4228.332
1.360	-2100.394	4170.683
1.370	-2122.466	4112.083
1.380	-2142.898	4052.591
1.390	-2161.714	3992.264
1.400	-2178.941	3931.162
1.410	-2194.602	3869.344
1.420	-2208.724	3806.871
1.430	-2221.335	3743.802
1.440	-2232.461	3680.199
1.450	-2242.129	3616.124
1.460	-2250.369	3551.638
1.470	-2257.209	3486.804
1.480	-2262.680	3421.682
1.490	-2266.811	3356.337
1.500	-2269.635	3290.828
1.510	-2271.165	3225.204
1.520	-2271.487	3159.572
1.530	-2270.583	3093.946
1.540	-2268.504	3028.402
1.550	-2265.285	2963.000
1.560	-2260.962	2897.798
1.570	-2255.571	2832.853
1.580	-2249.148	2768.222
1.590	-2241.732	2703.959
1.600	-2233.360	2640.118
1.610	-2224.069	2576.749
1.620	-2213.900	2513.903
1.630	-2202.889	2451.628
1.640	-2191.076	2389.968
1.650	-2178.501	2328.968
1.660	-2165.200	2268.669
1.670	-2151.214	2209.110
1.680	-2136.581	2150.328
1.690	-2121.339	2092.356
1.700	-2105.526	2035.227
1.710	-2089.179	1978.970
1.720	-2072.335	1923.613
1.730	-2055.031	1869.178
1.740	-2037.302	1815.689
1.750	-2019.183	1763.165
1.760	-2000.708	1711.622
1.770	-1981.911	1661.076
1.780	-1962.823	1611.538
1.790	-1943.476	1563.019
1.800	-1923.901	1515.528
1.810	-1904.125	1469.073
1.820	-1884.180	1423.652
1.830	-1864.095	1379.257
1.840	-1843.887	1335.923
1.850	-1823.592	1293.600
1.860	-1803.229	1252.318
1.870	-1782.819	1212.066
1.880	-1762.388	1172.832
1.890	-1741.953	1134.614
1.900	-1721.536	1097.395
1.910	-1701.156	1061.171
1.920	-1680.828	1025.927
1.930	-1660.570	991.652
1.940	-1640.398	958.332
1.950	-1620.326	925.950
1.960	-1600.367	894.495
1.970	-1580.534	863.949
1.980	-1560.838	834.297
1.990	-1541.291	805.521
2.000	-1521.902	777.605
2.010	-1502.681	750.530
2.020	-1483.635	724.278
2.030	-1464.772	698.833
2.040	-1446.099	674.174
2.050	-1427.622	650.286
2.060	-1409.347	627.148
2.070	-1391.278	604.742
2.080	-1373.420	583.049
2.090	-1355.776	562.053
2.100	-1338.350	541.733
2.110	-1321.145	522.073
2.120	-1304.162	503.053
2.130	-1287.403	484.658
2.140	-1270.870	466.868
2.150	-1254.564	449.667
2.160	-1238.485	433.037
2.170	-1222.633	416.963
2.180	-1207.009	401.427
2.190	-1191.613	386.412
2.200	-1176.443	371.905
2.210	-1161.499	357.889
2.220	-1146.780	344.348
2.230	-1132.284	331.268
2.240	-1118.011	318.635
2.250	-1103.957	306.433
2.260	-1090.123	294.651
2.270	-1076.505	283.273
2.280	-1063.102	272.288
2.290	-1049.911	261.682
2.300	-1036.930	251.443
2.310	-1024.157	241.559
2.320	-1011.589	232.018
2.330	-999.223	222.808
2.340	-987.058	213.920
2.350	-975.090	205.340
2.360	-963.317	197.061
2.370	-951.736	189.071
2.380	-940.344	181.360
2.390	-929.138	173.919
2.400	-918.116	166.740
2.410	-907.275	159.812
2.420	-896.611	153.128
2.430	-886.122	146.678
2.440	-875.805	140.454
2.450	-865.658	134.449
2.460	-855.677	128.656
2.470	-845.859	123.068
2.480	-836.203	117.675
2.490	-826.704	112.474
2.500	-817.361	107.456
2.510	-808.170	102.616
2.520	-799.129	97.947
2.530	-790.236	93.444
2.540	-781.486	89.100
2.550	-772.879	84.910
2.560	-764.412	80.869
2.570	-756.081	76.972
2.580	-747.884	73.213
2.590	-739.819	69.587
2.600	-731.883	66.091
2.610	-724.075	62.719
2.620	-716.390	59.468
2.630	-708.829	56.333
2.640	-701.387	53.310
2.650	-694.063	50.394
2.660	-686.869	47.657
2.670	-679.759	44.873
2.680	-672.774	42.261
2.690	-665.899	39.742
2.700	-659.131	37.314
2.710	-652.468	34.973
2.720	-645.921	32.779
2.730	-639.449	30.544
2.740	-633.089	28.449
2.750	-626.826	26.429
2.760	-620.658	24.484
2.770	-614.585	22.609
2.780	-608.603	20.803
2.790	-602.711	19.063
2.800	-596.908	17.386
2.810	-591.191	15.773
2.820	-585.560	14.218
2.830	-580.012	12.721
2.840	-574.546	11.280
2.850	-569.160	9.892
2.860	-563.854	8.557
2.870	-558.632	7.299
2.880	-553.472	6.035
2.890	-548.393	4.846
2.900	-543.388	3.701
2.910	-538.455	2.601
2.920	-533.592	1.543
2.930	-528.799	0.526
